%YAML:1.0
---
model_type: PINHOLE
camera_name: camera
image_width: 640
image_height: 480
distortion_parameters:
   k1: 0.0
   k2: 0.0
   p1: 0.0
   p2: 0.0
projection_parameters:
   fx: 389.379241943359
   fy: 389.379241943359
   cx: 323.020568847656
   cy: 238.012512207031
# FOV (deg): 78.83 x 63.3 

